station,DD,MM,YYYY,Rad,Tmin,Tmax,Hum,Wind,Rain,ETref
'Example' 1 1 2010 12848.0 22.00 29.70 2.74 1.17 8.60 -999.0
'Example' 2 1 2010 12160.8 23.40 28.90 2.92 1.37 1.30 -999.0
'Example' 3 1 2010 18752.7 23.60 34.20 2.83 2.20 0.40 -999.0
'Example' 4 1 2010 22346.5 23.00 34.40 2.52 3.47 6.90 -999.0
'Example' 5 1 2010 23631.6 23.60 34.80 2.45 3.50 0.00 -999.0
'Example' 6 1 2010 23298.4 24.00 35.60 2.44 2.73 0.00 -999.0
'Example' 7 1 2010 20069.6 22.60 34.50 2.62 3.10 0.00 -999.0
'Example' 8 1 2010 17184.5 21.80 33.20 2.79 3.77 20.10 -999.0
'Example' 9 1 2010 15687.7 21.90 32.30 2.78 1.73 38.40 -999.0
'Example' 10 1 2010 11983.4 21.90 31.50 2.84 1.13 9.20 -999.0
'Example' 11 1 2010 22331.0 22.00 34.50 2.82 2.53 0.00 -999.0
'Example' 12 1 2010 24207.8 24.20 35.40 2.56 2.70 0.00 -999.0
'Example' 13 1 2010 21433.4 23.90 34.90 2.68 1.70 0.00 -999.0
'Example' 14 1 2010 21216.9 22.40 33.40 2.76 1.73 15.40 -999.0
'Example' 15 1 2010 20767.3 24.70 34.20 2.72 3.13 0.00 -999.0
'Example' 16 1 2010 24633.8 23.90 33.80 2.66 3.70 0.00 -999.0
'Example' 17 1 2010 23953.5 23.60 33.60 2.71 2.73 0.00 -999.0
'Example' 18 1 2010 22687.7 23.90 33.80 2.77 2.13 0.00 -999.0
'Example' 19 1 2010 22823.7 24.10 34.50 2.88 2.07 0.00 -999.0
'Example' 20 1 2010 22491.7 23.90 35.10 2.61 3.53 0.00 -999.0
'Example' 21 1 2010 22862.5 24.20 34.90 2.72 3.17 0.00 -999.0
'Example' 22 1 2010 24407.2 24.00 35.00 2.69 2.83 0.00 -999.0
'Example' 23 1 2010 23371.4 23.80 35.00 2.76 2.53 0.00 -999.0
'Example' 24 1 2010 20335.5 24.20 35.70 2.77 2.53 0.00 -999.0
'Example' 25 1 2010 12352.3 24.20 31.60 2.96 1.37 1.90 -999.0
'Example' 26 1 2010 15541.5 23.10 32.10 3.10 2.10 0.00 -999.0
'Example' 27 1 2010 16497.1 22.50 33.30 2.82 1.77 17.90 -999.0
'Example' 28 1 2010 15094.5 22.80 31.80 3.04 1.37 74.50 -999.0
'Example' 29 1 2010 20066.7 22.40 33.40 2.84 2.53 31.40 -999.0
'Example' 30 1 2010 23629.6 24.20 33.60 2.79 2.37 16.80 -999.0
'Example' 31 1 2010 22939.1 24.40 34.10 3.00 2.63 0.00 -999.0
'Example' 1 2 2010 14430.3 24.60 32.90 3.16 1.23 0.00 -999.0
'Example' 2 2 2010 21909.0 24.90 34.50 2.85 3.30 0.00 -999.0
'Example' 3 2 2010 24536.2 24.10 34.40 2.70 3.13 0.00 -999.0
'Example' 4 2 2010 24555.0 23.50 35.00 2.73 2.77 0.00 -999.0
'Example' 5 2 2010 24454.6 24.70 35.60 2.93 2.57 0.00 -999.0
'Example' 6 2 2010 20903.7 25.50 34.60 2.89 2.23 0.50 -999.0
'Example' 7 2 2010 21751.4 23.80 35.20 2.83 2.47 4.00 -999.0
'Example' 8 2 2010 14378.6 22.10 32.20 2.85 2.70 0.00 -999.0
'Example' 9 2 2010 19037.3 21.40 32.00 2.87 1.57 22.60 -999.0
'Example' 10 2 2010 16542.7 22.50 32.80 2.90 1.40 11.20 -999.0
'Example' 11 2 2010 12849.7 23.50 30.00 3.03 2.03 2.40 -999.0
'Example' 12 2 2010 16082.1 22.90 31.90 3.00 3.23 20.90 -999.0
'Example' 13 2 2010 19198.8 22.90 33.40 2.84 1.93 0.00 -999.0
'Example' 14 2 2010 15139.6 22.90 32.20 2.91 2.03 25.60 -999.0
'Example' 15 2 2010 20653.1 24.40 32.70 2.89 1.80 0.00 -999.0
'Example' 16 2 2010 18146.0 23.20 33.00 2.96 2.13 3.00 -999.0
'Example' 17 2 2010 20549.6 23.40 33.60 2.94 2.33 15.40 -999.0
'Example' 18 2 2010 24993.6 24.40 34.60 2.93 3.50 0.00 -999.0
'Example' 19 2 2010 25361.8 23.80 34.60 2.80 2.63 0.00 -999.0
'Example' 20 2 2010 24529.0 24.30 34.80 2.89 2.50 0.00 -999.0
'Example' 21 2 2010 18771.8 25.50 33.50 3.05 2.87 0.00 -999.0
'Example' 22 2 2010 22498.3 24.60 34.50 2.80 1.87 0.10 -999.0
'Example' 23 2 2010 21780.8 24.20 33.30 2.98 2.30 0.10 -999.0
'Example' 24 2 2010 23585.7 24.70 34.10 2.93 1.53 0.00 -999.0
'Example' 25 2 2010 20462.1 25.10 33.80 3.01 2.73 1.20 -999.0
'Example' 26 2 2010 21544.2 25.50 35.00 3.03 2.57 0.00 -999.0
'Example' 27 2 2010 21182.8 25.60 34.80 2.96 2.70 0.00 -999.0
'Example' 28 2 2010 20940.6 25.50 34.20 2.89 2.73 2.00 -999.0
'Example' 1 3 2010 24545.3 24.80 34.50 2.77 1.73 0.00 -999.0
'Example' 2 3 2010 24781.9 24.60 35.40 2.87 2.67 0.00 -999.0
'Example' 3 3 2010 24897.2 24.40 35.30 2.77 2.37 0.00 -999.0
'Example' 4 3 2010 22726.9 24.90 34.90 2.83 2.90 0.00 -999.0
'Example' 5 3 2010 23200.6 24.80 35.50 2.85 2.27 0.00 -999.0
'Example' 6 3 2010 21630.0 24.50 35.40 3.07 1.97 0.00 -999.0
'Example' 7 3 2010 17055.3 24.90 33.60 3.37 2.03 1.10 -999.0
'Example' 8 3 2010 23892.9 24.20 35.10 2.84 2.47 11.20 -999.0
'Example' 9 3 2010 24361.1 23.80 35.60 2.88 2.63 0.20 -999.0
'Example' 10 3 2010 20027.0 24.70 35.40 2.93 1.73 0.00 -999.0
'Example' 11 3 2010 22653.5 24.30 35.20 2.78 1.77 0.00 -999.0
'Example' 12 3 2010 18322.0 24.70 34.70 3.08 1.73 0.00 -999.0
'Example' 13 3 2010 16750.5 23.30 33.20 2.86 2.50 1.90 -999.0
'Example' 14 3 2010 23682.8 23.00 34.70 2.84 3.07 22.20 -999.0
'Example' 15 3 2010 24860.4 24.40 34.50 2.91 2.23 0.00 -999.0
'Example' 16 3 2010 19816.3 21.90 34.40 3.01 2.80 14.00 -999.0
'Example' 17 3 2010 21709.7 23.70 34.40 2.87 2.37 0.20 -999.0
'Example' 18 3 2010 22882.6 24.60 34.40 2.81 2.23 0.00 -999.0
'Example' 19 3 2010 20950.5 24.20 33.90 2.97 2.00 0.00 -999.0
'Example' 20 3 2010 20451.1 23.00 33.90 2.89 2.10 22.40 -999.0
'Example' 21 3 2010 12449.8 23.50 29.20 2.95 0.87 0.10 -999.0
'Example' 22 3 2010 19452.1 22.60 32.80 2.80 2.40 9.00 -999.0
'Example' 23 3 2010 21923.4 23.40 33.10 2.90 2.13 0.00 -999.0
'Example' 24 3 2010 16672.9 22.60 32.50 2.74 1.90 22.00 -999.0
'Example' 25 3 2010 14990.4 22.00 32.40 2.94 0.90 3.40 -999.0
'Example' 26 3 2010 15324.1 22.90 32.30 2.97 1.63 17.10 -999.0
'Example' 27 3 2010 21214.8 23.30 33.60 2.98 2.57 2.10 -999.0
'Example' 28 3 2010 17758.5 24.60 33.10 3.17 1.10 3.20 -999.0
'Example' 29 3 2010 15843.9 23.80 32.40 3.05 1.63 7.20 -999.0
'Example' 30 3 2010 20412.2 24.50 33.20 3.06 1.97 0.00 -999.0
'Example' 31 3 2010 22261.4 24.20 33.60 3.03 2.03 1.70 -999.0
'Example' 1 4 2010 18936.6 25.20 32.70 3.09 2.53 0.00 -999.0
'Example' 2 4 2010 20897.8 24.40 33.50 3.09 1.80 11.90 -999.0
'Example' 3 4 2010 19222.6 24.40 33.30 3.08 1.57 10.10 -999.0
'Example' 4 4 2010 15214.1 24.20 32.80 3.02 1.13 2.80 -999.0
'Example' 5 4 2010 17519.6 23.70 33.30 2.98 2.00 5.70 -999.0
'Example' 6 4 2010 21331.2 24.50 33.50 2.93 2.20 0.00 -999.0
'Example' 7 4 2010 19430.3 25.30 33.30 3.16 1.57 0.00 -999.0
'Example' 8 4 2010 16142.1 24.10 32.00 3.25 0.80 0.00 -999.0
'Example' 9 4 2010 16689.2 24.00 31.10 3.02 1.73 7.40 -999.0
'Example' 10 4 2010 14573.2 24.00 31.10 3.19 1.30 0.00 -999.0
'Example' 11 4 2010 12811.0 23.10 30.80 3.17 1.43 0.80 -999.0
'Example' 12 4 2010 11746.3 23.60 30.70 3.08 1.30 7.90 -999.0
'Example' 13 4 2010 16665.7 23.20 31.80 3.04 1.37 27.70 -999.0
'Example' 14 4 2010 18121.9 23.60 32.60 3.14 1.10 2.00 -999.0
'Example' 15 4 2010 19457.1 23.40 33.20 3.12 1.83 16.10 -999.0
'Example' 16 4 2010 17585.4 24.20 32.60 3.15 1.53 0.10 -999.0
'Example' 17 4 2010 16177.2 23.80 32.10 3.12 1.37 9.30 -999.0
'Example' 18 4 2010 14319.0 24.40 32.20 3.11 1.17 19.80 -999.0
'Example' 19 4 2010 18830.0 24.40 33.20 3.19 1.93 19.40 -999.0
'Example' 20 4 2010 12778.7 24.60 31.40 3.14 1.03 1.20 -999.0
'Example' 21 4 2010 15010.6 24.30 32.30 3.14 1.57 6.10 -999.0
'Example' 22 4 2010 18925.6 24.80 32.80 3.07 1.03 1.10 -999.0
'Example' 23 4 2010 17642.3 24.00 32.20 3.03 1.77 13.20 -999.0
'Example' 24 4 2010 21646.0 24.60 33.20 3.08 1.37 4.70 -999.0
'Example' 25 4 2010 21146.6 23.90 33.00 3.09 1.70 0.20 -999.0
'Example' 26 4 2010 20984.6 24.10 32.90 3.03 1.73 5.10 -999.0
'Example' 27 4 2010 21827.6 24.20 33.70 2.98 1.53 0.00 -999.0
'Example' 28 4 2010 13979.6 24.30 32.00 3.12 1.90 0.00 -999.0
'Example' 29 4 2010 18612.1 22.60 32.60 2.95 1.87 55.90 -999.0
'Example' 30 4 2010 18012.7 23.60 32.90 3.02 1.57 0.00 -999.0
'Example' 1 5 2010 14982.5 23.80 32.10 2.98 1.23 0.00 -999.0
'Example' 2 5 2010 17042.5 24.40 33.10 2.98 1.57 0.00 -999.0
'Example' 3 5 2010 13697.7 23.50 31.80 3.18 1.47 2.70 -999.0
'Example' 4 5 2010 21463.6 23.60 32.60 2.99 2.10 10.20 -999.0
'Example' 5 5 2010 21631.3 22.60 32.70 3.00 1.43 33.60 -999.0
'Example' 6 5 2010 19939.2 24.10 32.50 3.05 2.30 10.20 -999.0
'Example' 7 5 2010 20764.3 24.20 33.10 3.11 1.97 31.80 -999.0
'Example' 8 5 2010 15271.9 24.30 32.10 3.17 1.80 0.00 -999.0
'Example' 9 5 2010 19036.5 24.70 33.80 3.05 1.17 0.00 -999.0
'Example' 10 5 2010 19750.1 24.20 33.50 2.98 1.83 0.00 -999.0
'Example' 11 5 2010 18622.4 24.00 33.90 3.11 1.03 8.20 -999.0
'Example' 12 5 2010 19334.2 23.60 33.00 3.03 1.47 2.40 -999.0
'Example' 13 5 2010 19720.1 23.80 32.90 3.06 2.13 0.00 -999.0
'Example' 14 5 2010 16667.3 24.60 31.90 3.22 1.40 10.40 -999.0
'Example' 15 5 2010 21130.9 23.60 33.20 3.02 1.73 0.00 -999.0
'Example' 16 5 2010 21725.5 24.30 33.20 3.10 1.10 0.00 -999.0
'Example' 17 5 2010 19116.1 24.00 33.70 3.10 1.53 0.00 -999.0
'Example' 18 5 2010 21204.5 23.40 33.40 2.94 1.27 0.00 -999.0
'Example' 19 5 2010 18501.8 24.40 33.50 2.90 1.80 0.00 -999.0
'Example' 20 5 2010 20796.1 23.50 33.70 2.98 1.87 0.00 -999.0
'Example' 21 5 2010 21070.5 24.70 33.80 2.93 1.90 0.00 -999.0
'Example' 22 5 2010 18491.8 24.20 33.80 3.07 2.10 0.00 -999.0
'Example' 23 5 2010 21407.2 24.60 33.80 3.06 2.10 0.40 -999.0
'Example' 24 5 2010 21154.8 24.40 34.30 3.03 1.97 0.00 -999.0
'Example' 25 5 2010 17542.2 25.10 32.80 3.33 1.67 0.00 -999.0
'Example' 26 5 2010 21389.3 24.60 34.00 2.93 2.30 4.70 -999.0
'Example' 27 5 2010 15801.9 24.80 32.90 3.03 2.10 0.00 -999.0
'Example' 28 5 2010 19953.7 24.40 33.60 3.06 2.27 0.00 -999.0
'Example' 29 5 2010 16476.1 25.30 33.90 3.08 1.83 0.00 -999.0
'Example' 30 5 2010 14573.2 24.40 33.70 3.15 2.83 0.10 -999.0
'Example' 31 5 2010 11533.0 22.10 31.50 2.90 1.30 35.60 -999.0
'Example' 1 6 2010 19925.9 22.40 32.70 2.83 1.53 0.00 -999.0
'Example' 2 6 2010 19377.2 24.00 32.80 2.97 1.73 0.00 -999.0
'Example' 3 6 2010 19659.6 24.30 32.80 3.03 1.60 0.00 -999.0
'Example' 4 6 2010 16012.7 23.40 31.00 2.88 2.47 51.60 -999.0
'Example' 5 6 2010 19915.6 23.20 31.80 2.78 1.90 2.60 -999.0
'Example' 6 6 2010 19787.0 22.90 33.30 2.75 1.20 0.00 -999.0
'Example' 7 6 2010 18835.7 23.40 33.20 2.90 1.90 0.00 -999.0
'Example' 8 6 2010 20666.6 22.60 32.10 2.87 1.33 32.20 -999.0
'Example' 9 6 2010 19513.3 24.20 32.40 2.87 2.30 0.00 -999.0
'Example' 10 6 2010 20931.4 23.00 32.90 2.74 1.53 0.00 -999.0
'Example' 11 6 2010 21116.8 23.40 32.60 2.69 1.90 0.00 -999.0
'Example' 12 6 2010 17202.2 23.40 32.50 2.90 1.57 0.00 -999.0
'Example' 13 6 2010 14934.3 23.70 32.10 2.84 2.03 0.00 -999.0
'Example' 14 6 2010 14718.4 22.80 31.30 2.87 1.67 0.00 -999.0
'Example' 15 6 2010 17163.8 24.00 31.90 2.79 1.73 2.50 -999.0
'Example' 16 6 2010 19914.3 23.00 32.60 2.65 1.53 0.00 -999.0
'Example' 17 6 2010 18677.5 23.40 32.00 2.80 1.97 0.00 -999.0
'Example' 18 6 2010 17443.2 23.60 32.70 2.93 1.97 1.00 -999.0
'Example' 19 6 2010 19989.4 23.50 32.90 2.74 1.53 2.20 -999.0
'Example' 20 6 2010 19983.3 23.70 32.90 2.83 1.67 0.30 -999.0
'Example' 21 6 2010 20591.1 24.40 32.90 2.71 1.83 0.00 -999.0
'Example' 22 6 2010 20179.7 23.00 33.80 2.64 1.47 0.50 -999.0
'Example' 23 6 2010 17422.9 23.40 32.60 2.78 2.33 0.00 -999.0
'Example' 24 6 2010 19055.4 24.00 31.90 2.74 2.37 0.00 -999.0
'Example' 25 6 2010 19872.9 23.40 32.10 2.34 2.30 0.00 -999.0
'Example' 26 6 2010 20998.2 21.00 32.70 2.39 2.07 0.00 -999.0
'Example' 27 6 2010 20492.3 20.20 31.80 2.34 1.80 0.00 -999.0
'Example' 28 6 2010 20906.5 21.20 31.90 2.36 3.20 0.00 -999.0
'Example' 29 6 2010 14785.7 22.00 31.50 2.33 1.57 0.00 -999.0
'Example' 30 6 2010 17550.9 23.50 32.80 2.63 1.67 0.00 -999.0
'Example' 1 7 2010 13368.5 21.70 31.30 2.87 1.23 0.00 -999.0
'Example' 2 7 2010 16956.1 23.40 32.80 2.86 1.23 2.30 -999.0
'Example' 3 7 2010 19321.0 23.70 32.90 2.76 1.53 0.00 -999.0
'Example' 4 7 2010 18822.6 22.80 32.40 2.63 1.47 0.00 -999.0
'Example' 5 7 2010 19042.3 21.20 32.30 2.47 1.97 0.00 -999.0
'Example' 6 7 2010 20904.7 21.00 32.50 2.35 1.83 0.00 -999.0
'Example' 7 7 2010 14148.1 21.30 31.60 2.62 1.30 0.00 -999.0
'Example' 8 7 2010 15909.0 24.00 33.20 2.68 2.20 0.00 -999.0
'Example' 9 7 2010 20862.9 23.50 34.30 2.70 2.80 0.00 -999.0
'Example' 10 7 2010 20576.9 23.50 33.40 2.70 2.10 0.00 -999.0
'Example' 11 7 2010 21013.2 23.60 33.10 2.66 2.27 0.00 -999.0
'Example' 12 7 2010 21038.8 23.20 33.90 2.57 2.40 0.00 -999.0
'Example' 13 7 2010 21065.7 23.50 33.30 2.63 1.57 0.00 -999.0
'Example' 14 7 2010 16645.2 24.10 32.30 2.85 2.03 4.60 -999.0
'Example' 15 7 2010 21330.4 22.00 33.20 2.41 2.97 0.80 -999.0
'Example' 16 7 2010 20635.1 23.90 33.50 2.58 2.13 0.00 -999.0
'Example' 17 7 2010 21393.2 23.40 33.40 2.57 1.77 0.00 -999.0
'Example' 18 7 2010 18929.4 21.70 31.90 2.83 2.03 38.20 -999.0
'Example' 19 7 2010 18230.4 22.90 32.90 2.85 1.90 0.60 -999.0
'Example' 20 7 2010 19617.3 23.20 32.70 2.62 1.73 0.00 -999.0
'Example' 21 7 2010 19546.1 22.60 32.40 2.57 0.93 0.00 -999.0
'Example' 22 7 2010 20627.2 21.80 32.10 2.63 1.43 0.00 -999.0
'Example' 23 7 2010 20768.8 23.30 32.80 2.76 1.63 0.00 -999.0
'Example' 24 7 2010 21226.8 22.70 32.90 2.15 2.13 0.00 -999.0
'Example' 25 7 2010 21160.9 21.30 33.20 2.40 0.60 0.00 -999.0
'Example' 26 7 2010 19619.4 22.60 33.80 2.57 1.20 0.00 -999.0
'Example' 27 7 2010 21347.5 24.40 33.70 2.45 1.37 0.00 -999.0
'Example' 28 7 2010 20225.1 22.10 33.70 2.49 1.13 0.00 -999.0
'Example' 29 7 2010 17614.7 23.90 33.30 2.52 1.53 3.40 -999.0
'Example' 30 7 2010 21900.1 21.70 33.10 2.08 2.37 0.00 -999.0
'Example' 31 7 2010 21838.4 20.90 33.30 2.08 2.33 0.00 -999.0
'Example' 1 8 2010 21670.3 21.20 33.90 2.40 0.83 0.00 -999.0
'Example' 2 8 2010 20860.7 21.40 34.70 2.44 1.03 0.00 -999.0
'Example' 3 8 2010 21547.4 23.20 34.20 2.52 1.30 0.00 -999.0
'Example' 4 8 2010 21057.0 23.40 34.10 2.23 1.87 0.00 -999.0
'Example' 5 8 2010 21962.5 21.70 34.30 2.29 1.53 0.00 -999.0
'Example' 6 8 2010 18562.4 23.20 34.00 2.59 2.60 0.00 -999.0
'Example' 7 8 2010 18927.1 22.60 33.70 2.50 2.63 0.00 -999.0
'Example' 8 8 2010 21673.7 21.60 34.30 2.37 2.67 0.00 -999.0
'Example' 9 8 2010 22155.1 21.60 34.80 2.25 1.90 0.00 -999.0
'Example' 10 8 2010 20900.4 21.70 34.90 2.50 2.80 0.00 -999.0
'Example' 11 8 2010 22471.0 23.50 34.30 2.23 2.43 0.50 -999.0
'Example' 12 8 2010 22084.5 20.80 34.20 2.05 2.87 0.00 -999.0
'Example' 13 8 2010 22352.3 20.70 34.70 1.94 2.90 0.00 -999.0
'Example' 14 8 2010 20649.0 21.00 34.30 2.23 0.83 0.00 -999.0
'Example' 15 8 2010 22012.7 22.50 35.60 2.36 2.47 0.00 -999.0
'Example' 16 8 2010 20411.3 22.80 35.70 2.55 2.07 0.00 -999.0
'Example' 17 8 2010 21890.1 23.00 35.40 2.52 2.63 0.00 -999.0
'Example' 18 8 2010 21386.2 22.50 34.50 2.06 2.50 0.00 -999.0
'Example' 19 8 2010 22429.9 21.50 34.00 1.84 3.20 0.00 -999.0
'Example' 20 8 2010 22812.0 20.70 34.20 2.19 1.30 0.00 -999.0
'Example' 21 8 2010 22528.3 22.10 35.20 2.20 2.00 0.00 -999.0
'Example' 22 8 2010 22020.3 22.70 35.30 2.38 2.57 0.00 -999.0
'Example' 23 8 2010 18942.3 22.90 34.80 2.55 2.07 0.00 -999.0
'Example' 24 8 2010 23122.0 23.10 36.00 2.42 1.97 0.00 -999.0
'Example' 25 8 2010 22274.5 23.30 36.10 2.47 1.87 0.00 -999.0
'Example' 26 8 2010 21086.3 23.90 36.50 2.49 3.03 0.00 -999.0
'Example' 27 8 2010 23043.5 23.50 36.30 2.50 2.60 0.00 -999.0
'Example' 28 8 2010 23203.9 23.40 36.50 2.46 2.47 0.00 -999.0
'Example' 29 8 2010 21218.2 23.40 36.50 2.65 2.40 0.00 -999.0
'Example' 30 8 2010 21148.2 24.00 36.40 2.54 2.57 0.00 -999.0
'Example' 31 8 2010 23231.6 23.40 35.50 2.49 2.13 0.00 -999.0
'Example' 1 9 2010 22596.0 22.00 35.90 2.10 3.43 0.00 -999.0
'Example' 2 9 2010 23664.2 23.00 36.50 2.37 2.60 0.00 -999.0
'Example' 3 9 2010 21999.6 22.60 35.50 2.19 2.93 0.00 -999.0
'Example' 4 9 2010 22955.0 22.00 35.70 2.27 2.60 0.00 -999.0
'Example' 5 9 2010 21739.4 22.60 36.20 2.45 2.77 0.00 -999.0
'Example' 6 9 2010 22466.9 22.90 37.10 2.39 2.40 0.00 -999.0
'Example' 7 9 2010 22622.2 22.70 35.30 2.13 2.60 0.00 -999.0
'Example' 8 9 2010 22892.2 21.60 36.20 2.24 2.60 0.00 -999.0
'Example' 9 9 2010 23277.3 23.00 36.60 2.27 2.77 0.00 -999.0
'Example' 10 9 2010 23201.5 22.00 37.10 2.90 2.23 0.00 -999.0
'Example' 11 9 2010 23702.1 22.50 35.90 2.41 2.77 0.00 -999.0
'Example' 12 9 2010 24203.3 23.00 35.50 2.38 3.10 0.00 -999.0
'Example' 13 9 2010 23662.4 23.80 35.80 2.42 3.10 0.00 -999.0
'Example' 14 9 2010 23931.0 21.90 36.30 2.18 2.07 0.00 -999.0
'Example' 15 9 2010 23734.7 23.20 36.50 2.38 2.60 0.00 -999.0
'Example' 16 9 2010 23769.6 23.10 36.90 2.36 2.43 0.00 -999.0
'Example' 17 9 2010 23337.7 23.10 36.80 2.41 2.60 0.00 -999.0
'Example' 18 9 2010 22320.6 23.10 36.20 2.36 2.07 0.00 -999.0
'Example' 19 9 2010 22117.3 23.10 35.70 2.34 2.27 0.00 -999.0
'Example' 20 9 2010 23315.4 23.10 36.60 2.32 2.77 0.00 -999.0
'Example' 21 9 2010 23813.1 23.40 36.30 2.21 1.90 0.00 -999.0
'Example' 22 9 2010 23490.7 23.00 37.30 2.21 2.23 0.00 -999.0
'Example' 23 9 2010 23283.9 23.60 37.20 2.32 1.90 0.00 -999.0
'Example' 24 9 2010 23780.0 22.80 37.10 2.21 2.60 0.00 -999.0
'Example' 25 9 2010 24393.5 22.40 36.70 2.14 2.60 0.00 -999.0
'Example' 26 9 2010 23830.9 22.10 37.30 2.17 2.23 0.00 -999.0
'Example' 27 9 2010 23619.3 22.90 37.60 2.29 1.90 0.00 -999.0
'Example' 28 9 2010 23170.7 22.80 37.60 2.40 2.77 0.00 -999.0
'Example' 29 9 2010 24017.3 24.40 37.70 2.42 2.07 0.00 -999.0
'Example' 30 9 2010 22504.2 23.00 37.80 2.47 2.60 0.00 -999.0
'Example' 1 10 2010 22404.9 23.50 36.70 2.38 2.83 0.00 -999.0
'Example' 2 10 2010 20886.6 23.10 37.60 2.31 2.93 0.00 -999.0
'Example' 3 10 2010 22084.5 22.70 37.80 2.49 2.03 0.00 -999.0
'Example' 4 10 2010 23282.8 23.50 37.90 2.46 3.57 0.00 -999.0
'Example' 5 10 2010 24126.2 23.90 37.70 2.32 2.77 0.00 -999.0
'Example' 6 10 2010 23785.4 23.80 37.70 2.46 2.67 0.00 -999.0
'Example' 7 10 2010 22969.5 23.50 38.20 2.45 2.63 0.00 -999.0
'Example' 8 10 2010 23929.2 23.10 37.20 2.34 2.60 0.00 -999.0
'Example' 9 10 2010 23703.2 23.10 38.70 2.40 2.47 0.00 -999.0
'Example' 10 10 2010 21934.7 23.90 37.10 2.47 2.90 0.00 -999.0
'Example' 11 10 2010 23366.3 23.70 36.30 2.46 2.27 0.00 -999.0
'Example' 12 10 2010 22899.7 24.00 36.80 2.41 2.90 0.00 -999.0
'Example' 13 10 2010 22431.9 23.90 37.70 2.43 3.17 0.00 -999.0
'Example' 14 10 2010 23268.1 23.70 37.40 2.26 2.60 0.00 -999.0
'Example' 15 10 2010 23628.9 22.90 37.90 2.36 1.97 0.00 -999.0
'Example' 16 10 2010 22683.5 23.30 37.50 2.37 1.47 0.00 -999.0
'Example' 17 10 2010 24110.2 22.40 37.90 2.37 2.37 0.00 -999.0
'Example' 18 10 2010 18298.5 24.00 35.90 2.59 3.63 0.00 -999.0
'Example' 19 10 2010 23164.0 24.00 37.80 2.57 2.97 0.00 -999.0
'Example' 20 10 2010 22333.8 24.40 38.10 2.47 2.20 0.00 -999.0
'Example' 21 10 2010 22095.9 24.60 37.20 2.54 2.33 0.00 -999.0
'Example' 22 10 2010 16403.0 23.90 34.30 2.93 2.23 0.00 -999.0
'Example' 23 10 2010 14624.0 23.70 33.50 2.62 1.23 6.60 -999.0
'Example' 24 10 2010 22326.2 23.30 36.50 2.57 1.93 0.00 -999.0
'Example' 25 10 2010 20782.2 24.20 36.10 2.43 3.13 0.00 -999.0
'Example' 26 10 2010 23738.9 23.20 36.30 2.51 3.07 0.30 -999.0
'Example' 27 10 2010 22904.2 23.00 37.70 2.51 2.03 0.00 -999.0
'Example' 28 10 2010 22069.5 24.00 38.00 2.79 2.63 0.00 -999.0
'Example' 29 10 2010 19105.6 24.60 36.20 2.82 2.27 8.10 -999.0
'Example' 30 10 2010 23119.5 23.80 35.30 2.48 3.53 0.00 -999.0
'Example' 31 10 2010 25001.8 24.00 37.70 2.37 3.63 0.00 -999.0
'Example' 1 11 2010 24991.6 24.00 37.70 2.31 3.27 0.00 -999.0
'Example' 2 11 2010 24154.5 24.50 39.20 2.45 2.40 0.00 -999.0
'Example' 3 11 2010 21548.1 24.10 37.50 2.50 2.57 0.00 -999.0
'Example' 4 11 2010 22953.0 24.10 36.80 2.51 2.93 0.00 -999.0
'Example' 5 11 2010 23648.7 24.20 36.30 2.41 3.10 0.00 -999.0
'Example' 6 11 2010 23636.5 24.50 37.10 2.46 3.60 0.00 -999.0
'Example' 7 11 2010 24447.6 24.30 37.50 2.49 2.93 0.00 -999.0
'Example' 8 11 2010 23846.0 24.70 37.90 2.39 2.60 0.00 -999.0
'Example' 9 11 2010 23127.2 24.10 37.40 2.39 2.27 0.00 -999.0
'Example' 10 11 2010 22761.4 24.00 37.30 2.34 2.77 0.00 -999.0
'Example' 11 11 2010 23452.0 24.20 37.10 2.45 3.10 0.00 -999.0
'Example' 12 11 2010 24610.5 24.10 37.80 2.51 2.93 0.00 -999.0
'Example' 13 11 2010 22720.1 24.70 38.60 2.49 2.23 0.00 -999.0
'Example' 14 11 2010 19192.8 24.40 35.70 2.37 2.63 0.00 -999.0
'Example' 15 11 2010 16489.7 24.60 35.20 2.89 2.40 0.00 -999.0
'Example' 16 11 2010 20455.4 23.70 34.90 2.77 2.03 32.00 -999.0
'Example' 17 11 2010 24415.1 24.00 36.20 2.48 3.10 0.40 -999.0
'Example' 18 11 2010 18094.5 24.40 34.70 2.62 2.23 0.00 -999.0
'Example' 19 11 2010 19949.9 24.60 35.50 2.75 2.60 0.00 -999.0
'Example' 20 11 2010 20870.0 23.60 35.00 2.81 2.43 14.20 -999.0
'Example' 21 11 2010 22837.2 23.60 33.90 2.48 2.93 25.40 -999.0
'Example' 22 11 2010 21425.7 23.30 35.90 2.54 2.03 0.00 -999.0
'Example' 23 11 2010 23273.5 23.20 35.50 2.70 3.10 0.00 -999.0
'Example' 24 11 2010 19539.2 23.20 34.90 2.63 2.20 3.40 -999.0
'Example' 25 11 2010 24057.7 23.60 35.80 2.54 2.40 4.40 -999.0
'Example' 26 11 2010 23462.7 24.00 36.50 2.62 2.40 0.00 -999.0
'Example' 27 11 2010 23448.7 23.80 36.20 2.72 1.90 0.00 -999.0
'Example' 28 11 2010 16827.3 24.10 34.50 2.86 2.53 0.00 -999.0
'Example' 29 11 2010 20873.1 24.20 34.70 2.68 2.43 5.20 -999.0
'Example' 30 11 2010 24682.7 23.90 35.90 2.50 3.10 0.00 -999.0
'Example' 1 12 2010 24785.2 23.00 36.30 2.31 2.57 0.00 -999.0
'Example' 2 12 2010 23963.0 23.20 37.10 2.50 1.80 0.00 -999.0
'Example' 3 12 2010 17016.3 24.00 35.30 2.69 2.07 0.00 -999.0
'Example' 4 12 2010 22900.3 25.20 37.10 2.48 2.50 0.00 -999.0
'Example' 5 12 2010 18618.0 25.30 35.40 2.90 2.67 2.60 -999.0
'Example' 6 12 2010 21726.6 25.00 36.10 2.61 2.73 0.00 -999.0
'Example' 7 12 2010 21026.0 25.10 36.30 2.59 2.67 0.00 -999.0
'Example' 8 12 2010 20326.6 24.30 35.00 2.66 2.47 0.00 -999.0
'Example' 9 12 2010 13173.3 23.80 33.90 2.42 2.30 0.00 -999.0
'Example' 10 12 2010 21005.1 22.80 36.10 2.48 2.30 0.00 -999.0
'Example' 11 12 2010 16737.3 24.80 35.80 2.76 1.90 0.00 -999.0
'Example' 12 12 2010 13739.3 24.80 32.00 3.19 1.50 1.20 -999.0
'Example' 13 12 2010 12585.4 21.50 31.50 2.80 1.10 41.00 -999.0
'Example' 14 12 2010 15000.7 24.00 32.90 2.82 1.57 0.00 -999.0
'Example' 15 12 2010 14308.2 23.60 31.90 2.76 1.87 15.20 -999.0
'Example' 16 12 2010 16723.2 24.20 33.10 2.57 2.20 0.00 -999.0
'Example' 17 12 2010 18447.9 22.80 32.70 2.71 2.77 0.00 -999.0
'Example' 18 12 2010 12694.5 21.80 30.10 2.70 1.13 45.00 -999.0
'Example' 19 12 2010 16261.1 23.40 32.80 2.95 0.73 0.00 -999.0
'Example' 20 12 2010 24545.3 23.60 33.00 2.61 2.53 0.30 -999.0
'Example' 21 12 2010 24777.0 23.30 34.20 2.63 3.00 0.00 -999.0
'Example' 22 12 2010 24319.1 24.00 34.70 2.63 2.80 0.00 -999.0
'Example' 23 12 2010 21790.5 22.70 34.70 2.56 2.60 0.00 -999.0
'Example' 24 12 2010 22254.6 22.60 33.50 2.77 2.93 25.10 -999.0
'Example' 25 12 2010 23640.7 23.30 33.50 2.70 1.90 0.00 -999.0
'Example' 26 12 2010 24452.5 23.40 33.10 2.81 3.13 6.40 -999.0
'Example' 27 12 2010 23883.3 23.50 33.90 2.63 3.00 0.00 -999.0
'Example' 28 12 2010 23775.5 23.10 33.90 2.66 2.37 0.00 -999.0
'Example' 29 12 2010 20440.9 23.00 33.90 2.77 1.57 0.00 -999.0
'Example' 30 12 2010 20102.6 23.60 33.10 2.95 2.37 0.60 -999.0
'Example' 31 12 2010 21725.9 23.50 32.90 2.73 2.27 0.30 -999.0